scrollX=0
scrollY=2444
zoomX=1.6590633881699075
zoomY=11.248493465981815
